№ варианта А С № варианта А С
1 3617 28062 21 6006 24257
2 6518 14200 22 6305 21226
3 2297 20869 23 11807 18069
4 10299 21882 24 6494 24271
5 4982 15116 25 658 28434
6 11101 18615 26 10918 19217
7 1482 30584 27 205 19212
8 10280 11442 28 7637 12669
9 411 25531 29 2404 25449
10 16081 16487 30 12682 18470
№ варианта А С № варианта А С
11 5811 15553 31 614 31276
12 7389 17178 32 5720 22093
13 15114 15638 33 4930 18130
14 5232 18094 34 2640 24596
15 8361 16090 35 3307 20458
16 4207 14708 36 3627 19936
17 12893 13547 37 755 16703
18 1587 23366 38 3943 15410
19 2079 16793 39 2173 21892
20 5567 26281 40 12307 16249